Iteration	CPUTime	PhysTime	Travels
1	1	0	0.000390625
5	2	0	0.001953125
10	3	0	0.00390625
15	5	0	0.005859375
20	6	0	0.0078125
25	7	0	0.009765625
30	8	0	0.01171875
35	9	0	0.013671875
40	11	0	0.015625
45	12	0	0.017578125
50	13	0	0.01953125
55	15	0	0.021484375
60	17	0	0.0234375
65	20	0	0.025390625
70	23	0	0.02734375
75	25	0	0.029296875
80	28	0	0.03125
85	30	0	0.033203125
90	33	0	0.03515625
95	35	0	0.037109375
100	37	0	0.0390625
105	40	0	0.041015625
110	43	0	0.04296875
115	45	0	0.044921875
120	48	0	0.046875
125	50	0	0.048828125
130	52	0	0.05078125
135	54	0	0.052734375
140	57	0	0.0546875
145	59	0	0.056640625
150	61	0	0.05859375
155	63	0	0.060546875
160	65	0	0.0625
165	67	0	0.064453125
170	70	0	0.06640625
175	72	0	0.068359375
180	74	0	0.0703125
185	76	0	0.072265625
190	78	0	0.07421875
195	81	0	0.076171875
200	83	0	0.078125
205	86	0	0.080078125
210	91	0	0.08203125
215	93	0	0.083984375
220	95	0	0.0859375
225	97	0	0.087890625
230	99	0	0.08984375
235	101	0	0.091796875
240	104	0	0.09375
245	106	0	0.095703125
250	108	0	0.09765625
255	110	0	0.099609375
260	112	0	0.1015625
265	114	0	0.103515625
270	116	0	0.10546875
275	118	0	0.107421875
280	120	0	0.109375
285	122	0	0.111328125
290	125	0	0.11328125
295	127	0	0.115234375
300	129	0	0.1171875
305	132	0	0.119140625
310	134	0	0.12109375
315	136	0	0.123046875
320	138	0	0.125
325	140	0	0.126953125
330	142	0	0.12890625
335	144	0	0.130859375
340	146	0	0.1328125
345	148	0	0.134765625
350	150	0	0.13671875
355	152	0	0.138671875
360	154	0	0.140625
365	156	0	0.142578125
370	158	0	0.14453125
375	160	0	0.146484375
380	162	0	0.1484375
385	164	0	0.150390625
390	166	0	0.15234375
395	168	0	0.154296875
400	170	0	0.15625
405	173	0	0.158203125
410	175	0	0.16015625
415	177	0	0.162109375
420	179	0	0.1640625
425	181	0	0.166015625
430	183	0	0.16796875
435	185	0	0.169921875
440	187	0	0.171875
445	189	0	0.173828125
450	191	0	0.17578125
455	192	0	0.177734375
460	195	0	0.1796875
465	196	0	0.181640625
470	198	0	0.18359375
475	200	0	0.185546875
480	202	0	0.1875
485	204	0	0.189453125
490	205	0	0.19140625
495	207	0	0.193359375
500	209	0	0.1953125
505	212	0	0.197265625
510	214	0	0.19921875
515	216	0	0.201171875
520	218	0	0.203125
525	219	0	0.205078125
530	221	0	0.20703125
535	223	0	0.208984375
540	225	0	0.2109375
545	227	0	0.212890625
550	228	0	0.21484375
555	230	0	0.216796875
560	232	0	0.21875
565	233	0	0.220703125
570	235	0	0.22265625
575	236	0	0.224609375
580	238	0	0.2265625
585	240	0	0.228515625
590	241	0	0.23046875
595	243	0	0.232421875
600	244	0	0.234375
605	247	0	0.236328125
610	248	0	0.23828125
615	250	0	0.240234375
620	252	0	0.2421875
625	253	0	0.244140625
630	254	0	0.24609375
635	256	0	0.248046875
640	258	0	0.25
645	259	0	0.251953125
650	260	0	0.25390625
655	262	0	0.255859375
660	263	0	0.2578125
665	264	0	0.259765625
670	266	0	0.26171875
675	267	0	0.263671875
680	269	0	0.265625
685	270	0	0.267578125
690	271	0	0.26953125
695	272	0	0.271484375
700	274	0	0.2734375
705	276	0	0.275390625
710	277	0	0.27734375
715	278	0	0.279296875
720	279	0	0.28125
725	281	0	0.283203125
730	282	0	0.28515625
735	283	0	0.287109375
740	284	0	0.2890625
745	285	0	0.291015625
750	286	0	0.29296875
755	288	0	0.294921875
760	289	0	0.296875
765	290	0	0.298828125
770	291	0	0.30078125
775	292	0	0.302734375
780	293	0	0.3046875
785	294	0	0.306640625
790	295	0	0.30859375
795	296	0	0.310546875
800	297	0	0.3125
805	299	0	0.314453125
810	300	0	0.31640625
815	301	0	0.318359375
820	302	0	0.3203125
825	303	0	0.322265625
830	304	0	0.32421875
835	305	0	0.326171875
840	306	0	0.328125
845	307	0	0.330078125
850	307	0	0.33203125
855	308	0	0.333984375
860	309	0	0.3359375
865	310	0	0.337890625
870	311	0	0.33984375
875	312	0	0.341796875
880	313	0	0.34375
885	314	0	0.345703125
890	315	0	0.34765625
895	315	0	0.349609375
900	316	0	0.3515625
905	318	0	0.353515625
910	319	0	0.35546875
915	320	0	0.357421875
920	321	0	0.359375
925	321	0	0.361328125
930	322	0	0.36328125
935	323	0	0.365234375
940	324	0	0.3671875
945	325	0	0.369140625
950	325	0	0.37109375
955	326	0	0.373046875
960	327	0	0.375
965	328	0	0.376953125
970	329	0	0.37890625
975	329	0	0.380859375
980	330	0	0.3828125
985	331	0	0.384765625
990	332	0	0.38671875
995	333	0	0.388671875
1000	333	0	0.390625
1005	335	0	0.392578125
1010	336	0	0.39453125
1015	337	0	0.396484375
1020	338	0	0.3984375
1025	339	0	0.400390625
1030	339	0	0.40234375
1035	340	0	0.404296875
1040	341	0	0.40625
1045	342	0	0.408203125
1050	343	0	0.41015625
1055	343	0	0.412109375
1060	344	0	0.4140625
1065	345	0	0.416015625
1070	346	0	0.41796875
1075	347	0	0.419921875
1080	347	0	0.421875
1085	348	0	0.423828125
1090	349	0	0.42578125
1095	350	0	0.427734375
1100	351	0	0.4296875
1105	352	0	0.431640625
1110	353	0	0.43359375
1115	354	0	0.435546875
1120	355	0	0.4375
1125	356	0	0.439453125
1130	356	0	0.44140625
1135	357	0	0.443359375
1140	358	0	0.4453125
1145	359	0	0.447265625
1150	360	0	0.44921875
1155	361	0	0.451171875
1160	361	0	0.453125
1165	362	0	0.455078125
1170	363	0	0.45703125
1175	364	0	0.458984375
1180	365	0	0.4609375
1185	366	0	0.462890625
1190	366	0	0.46484375
1195	367	0	0.466796875
1200	368	0	0.46875
1205	370	0	0.470703125
1210	371	0	0.47265625
1215	372	0	0.474609375
1220	373	0	0.4765625
1225	374	0	0.478515625
1230	374	0	0.48046875
1235	375	0	0.482421875
1240	376	0	0.484375
1245	377	0	0.486328125
1250	378	0	0.48828125
1255	379	0	0.490234375
1260	380	0	0.4921875
1265	380	0	0.494140625
1270	381	0	0.49609375
1275	382	0	0.498046875
1280	383	0	0.5
1285	384	0	0.501953125
1290	385	0	0.50390625
1295	385	0	0.505859375
1300	386	0	0.5078125
1305	388	0	0.509765625
1310	389	0	0.51171875
1315	390	0	0.513671875
1320	391	0	0.515625
1325	392	0	0.517578125
1330	392	0	0.51953125
1335	393	0	0.521484375
1340	394	0	0.5234375
1345	395	0	0.525390625
1350	396	0	0.52734375
1355	397	0	0.529296875
1360	397	0	0.53125
1365	398	0	0.533203125
1370	399	0	0.53515625
1375	400	0	0.537109375
1380	401	0	0.5390625
1385	402	0	0.541015625
1390	402	0	0.54296875
1395	403	0	0.544921875
1400	404	0	0.546875
1405	406	0	0.548828125
1410	407	0	0.55078125
1415	408	0	0.552734375
1420	409	0	0.5546875
1425	410	0	0.556640625
1430	410	0	0.55859375
1435	411	0	0.560546875
1440	412	0	0.5625
1445	413	0	0.564453125
1450	414	0	0.56640625
1455	415	0	0.568359375
1460	416	0	0.5703125
1465	416	0	0.572265625
1470	417	0	0.57421875
1475	418	0	0.576171875
1480	419	0	0.578125
1485	420	0	0.580078125
1490	421	0	0.58203125
1495	422	0	0.583984375
1500	422	0	0.5859375
1505	425	0	0.587890625
1510	425	0	0.58984375
1515	426	0	0.591796875
1520	427	0	0.59375
1525	428	0	0.595703125
1530	429	0	0.59765625
1535	430	0	0.599609375
1540	431	0	0.6015625
1545	431	0	0.603515625
1550	432	0	0.60546875
1555	433	0	0.607421875
1560	434	0	0.609375
1565	435	0	0.611328125
1570	436	0	0.61328125
1575	437	0	0.615234375
1580	437	0	0.6171875
1585	438	0	0.619140625
1590	439	0	0.62109375
1595	440	0	0.623046875
1600	441	0	0.625
1605	443	0	0.626953125
1610	444	0	0.62890625
1615	445	0	0.630859375
1620	446	0	0.6328125
1625	446	0	0.634765625
1630	447	0	0.63671875
1635	448	0	0.638671875
1640	449	0	0.640625
1645	450	0	0.642578125
1650	451	0	0.64453125
1655	452	0	0.646484375
1660	453	0	0.6484375
1665	453	0	0.650390625
1670	454	0	0.65234375
1675	455	0	0.654296875
1680	456	0	0.65625
1685	457	0	0.658203125
1690	458	0	0.66015625
1695	458	0	0.662109375
1700	459	0	0.6640625
1705	461	0	0.666015625
1710	462	0	0.66796875
1715	463	0	0.669921875
1720	464	0	0.671875
1725	465	0	0.673828125
1730	466	0	0.67578125
1735	466	0	0.677734375
1740	467	0	0.6796875
1745	468	0	0.681640625
1750	469	0	0.68359375
1755	470	0	0.685546875
1760	471	0	0.6875
1765	472	0	0.689453125
1770	472	0	0.69140625
1775	473	0	0.693359375
1780	474	0	0.6953125
1785	475	0	0.697265625
1790	476	0	0.69921875
1795	477	0	0.701171875
1800	478	0	0.703125
1805	479	0	0.705078125
1810	480	0	0.70703125
1815	481	0	0.708984375
1820	482	0	0.7109375
1825	483	0	0.712890625
1830	484	0	0.71484375
1835	485	0	0.716796875
1840	485	0	0.71875
1845	486	0	0.720703125
1850	487	0	0.72265625
1855	488	0	0.724609375
1860	489	0	0.7265625
1865	490	0	0.728515625
1870	491	0	0.73046875
1875	491	0	0.732421875
1880	492	0	0.734375
1885	493	0	0.736328125
1890	494	0	0.73828125
1895	495	0	0.740234375
1900	496	0	0.7421875
1905	498	0	0.744140625
1910	498	0	0.74609375
1915	499	0	0.748046875
1920	500	0	0.75
1925	501	0	0.751953125
1930	502	0	0.75390625
1935	503	0	0.755859375
1940	504	0	0.7578125
1945	505	0	0.759765625
1950	505	0	0.76171875
1955	506	0	0.763671875
1960	507	0	0.765625
1965	508	0	0.767578125
1970	509	0	0.76953125
1975	510	0	0.771484375
1980	511	0	0.7734375
1985	512	0	0.775390625
1990	513	0	0.77734375
1995	513	0	0.779296875
2000	514	0	0.78125
2005	516	0	0.783203125
2010	517	0	0.78515625
2015	518	0	0.787109375
2020	519	0	0.7890625
2025	520	0	0.791015625
2030	521	0	0.79296875
2035	521	0	0.794921875
2040	522	0	0.796875
2045	523	0	0.798828125
2050	524	0	0.80078125
2055	525	0	0.802734375
2060	526	0	0.8046875
2065	527	0	0.806640625
2070	528	0	0.80859375
2075	529	0	0.810546875
2080	529	0	0.8125
2085	530	0	0.814453125
2090	531	0	0.81640625
2095	532	0	0.818359375
2100	533	0	0.8203125
2105	535	0	0.822265625
2110	536	0	0.82421875
2115	537	0	0.826171875
2120	537	0	0.828125
2125	538	0	0.830078125
2130	539	0	0.83203125
2135	540	0	0.833984375
2140	541	0	0.8359375
2145	542	0	0.837890625
2150	543	0	0.83984375
2155	544	0	0.841796875
2160	545	0	0.84375
2165	546	0	0.845703125
2170	547	0	0.84765625
2175	548	0	0.849609375
2180	548	0	0.8515625
2185	549	0	0.853515625
2190	550	0	0.85546875
2195	551	0	0.857421875
2200	552	0	0.859375
2205	554	0	0.861328125
2210	555	0	0.86328125
2215	556	0	0.865234375
2220	556	0	0.8671875
2225	557	0	0.869140625
2230	558	0	0.87109375
2235	559	0	0.873046875
2240	560	0	0.875
2245	561	0	0.876953125
2250	562	0	0.87890625
2255	563	0	0.880859375
2260	564	0	0.8828125
2265	564	0	0.884765625
2270	565	0	0.88671875
2275	566	0	0.888671875
2280	567	0	0.890625
2285	568	0	0.892578125
2290	569	0	0.89453125
2295	570	0	0.896484375
2300	571	0	0.8984375
2305	573	0	0.900390625
2310	574	0	0.90234375
2315	575	0	0.904296875
2320	575	0	0.90625
2325	576	0	0.908203125
2330	577	0	0.91015625
2335	578	0	0.912109375
2340	579	0	0.9140625
2345	580	0	0.916015625
2350	581	0	0.91796875
2355	582	0	0.919921875
2360	582	0	0.921875
2365	583	0	0.923828125
2370	584	0	0.92578125
2375	585	0	0.927734375
2380	586	0	0.9296875
2385	587	0	0.931640625
2390	588	0	0.93359375
2395	589	0	0.935546875
2400	589	0	0.9375
2405	591	0	0.939453125
2410	592	0	0.94140625
2415	593	0	0.943359375
2420	594	0	0.9453125
2425	595	0	0.947265625
2430	596	0	0.94921875
2435	597	0	0.951171875
2440	597	0	0.953125
2445	598	0	0.955078125
2450	599	0	0.95703125
2455	600	0	0.958984375
2460	601	0	0.9609375
2465	602	0	0.962890625
2470	603	0	0.96484375
2475	604	0	0.966796875
2480	605	0	0.96875
2485	605	0	0.970703125
2490	606	0	0.97265625
2495	607	0	0.974609375
2500	608	0	0.9765625
2505	610	0	0.978515625
2510	611	0	0.98046875
2515	612	0	0.982421875
2520	613	0	0.984375
2525	614	0	0.986328125
2530	615	0	0.98828125
2535	615	0	0.990234375
2540	616	0	0.9921875
2545	617	0	0.994140625
2550	618	0	0.99609375
2555	619	0	0.998046875
2560	620	0	1
2565	621	0	1.00195312
2570	622	0	1.00390625
2575	623	0	1.00585938
2580	623	0	1.0078125
2585	624	0	1.00976562
2590	625	0	1.01171875
2595	626	0	1.01367188
2600	627	0	1.015625
2605	629	0	1.01757812
2610	630	0	1.01953125
2615	631	0	1.02148438
2620	632	0	1.0234375
2625	633	0	1.02539062
2630	634	0	1.02734375
2635	635	0	1.02929688
2640	636	0	1.03125
2645	637	0	1.03320312
2650	637	0	1.03515625
2655	638	0	1.03710938
2660	639	0	1.0390625
2665	640	0	1.04101562
2670	641	0	1.04296875
2675	642	0	1.04492188
2680	643	0	1.046875
2685	644	0	1.04882812
2690	645	0	1.05078125
2695	646	0	1.05273438
2700	646	0	1.0546875
2705	649	0	1.05664062
2710	649	0	1.05859375
2715	650	0	1.06054688
2720	651	0	1.0625
2725	652	0	1.06445312
2730	653	0	1.06640625
2735	654	0	1.06835938
2740	655	0	1.0703125
2745	656	0	1.07226562
2750	657	0	1.07421875
2755	658	0	1.07617188
2760	659	0	1.078125
2765	659	0	1.08007812
2770	660	0	1.08203125
2775	661	0	1.08398438
2780	662	0	1.0859375
2785	663	0	1.08789062
2790	664	0	1.08984375
2795	665	0	1.09179688
2800	666	0	1.09375
2805	668	0	1.09570312
2810	669	0	1.09765625
2815	670	0	1.09960938
2820	671	0	1.1015625
2825	672	0	1.10351562
2830	672	0	1.10546875
2835	673	0	1.10742188
2840	674	0	1.109375
2845	675	0	1.11132812
2850	676	0	1.11328125
2855	677	0	1.11523438
2860	678	0	1.1171875
2865	679	0	1.11914062
2870	680	0	1.12109375
2875	681	0	1.12304688
2880	681	0	1.125
2885	682	0	1.12695312
2890	683	0	1.12890625
2895	684	0	1.13085938
2900	685	0	1.1328125
2905	687	0	1.13476562
2910	688	0	1.13671875
2915	689	0	1.13867188
2920	690	0	1.140625
2925	691	0	1.14257812
2930	692	0	1.14453125
2935	693	0	1.14648438
2940	693	0	1.1484375
2945	694	0	1.15039062
2950	695	0	1.15234375
2955	696	0	1.15429688
2960	697	0	1.15625
2965	698	0	1.15820312
2970	699	0	1.16015625
2975	700	0	1.16210938
2980	701	0	1.1640625
2985	702	0	1.16601562
2990	703	0	1.16796875
2995	704	0	1.16992188
3000	704	0	1.171875
3005	707	0	1.17382812
3010	707	0	1.17578125
3015	708	0	1.17773438
3020	709	0	1.1796875
3025	710	0	1.18164062
3030	711	0	1.18359375
3035	712	0	1.18554688
3040	713	0	1.1875
3045	714	0	1.18945312
3050	715	0	1.19140625
3055	716	0	1.19335938
3060	717	0	1.1953125
3065	717	0	1.19726562
3070	718	0	1.19921875
3075	719	0	1.20117188
3080	720	0	1.203125
3085	721	0	1.20507812
3090	722	0	1.20703125
3095	723	0	1.20898438
3100	724	0	1.2109375
3105	726	0	1.21289062
3110	727	0	1.21484375
3115	727	0	1.21679688
3120	728	0	1.21875
3125	729	0	1.22070312
3130	730	0	1.22265625
3135	731	0	1.22460938
3140	732	0	1.2265625
3145	733	0	1.22851562
3150	734	0	1.23046875
3155	735	0	1.23242188
3160	736	0	1.234375
3165	737	0	1.23632812
3170	737	0	1.23828125
3175	738	0	1.24023438
3180	739	0	1.2421875
3185	740	0	1.24414062
3190	741	0	1.24609375
3195	742	0	1.24804688
3200	743	0	1.25
3205	745	0	1.25195312
3210	746	0	1.25390625
3215	747	0	1.25585938
3220	748	0	1.2578125
3225	749	0	1.25976562
3230	750	0	1.26171875
3235	751	0	1.26367188
3240	752	0	1.265625
3245	753	0	1.26757812
3250	754	0	1.26953125
3255	754	0	1.27148438
3260	755	0	1.2734375
3265	756	0	1.27539062
3270	757	0	1.27734375
3275	758	0	1.27929688
3280	759	0	1.28125
3285	760	0	1.28320312
3290	761	0	1.28515625
3295	762	0	1.28710938
3300	763	0	1.2890625
3305	765	0	1.29101562
3310	766	0	1.29296875
3315	767	0	1.29492188
3320	768	0	1.296875
3325	769	0	1.29882812
3330	770	0	1.30078125
3335	770	0	1.30273438
3340	771	0	1.3046875
3345	772	0	1.30664062
3350	773	0	1.30859375
3355	774	0	1.31054688
3360	775	0	1.3125
3365	776	0	1.31445312
3370	777	0	1.31640625
3375	778	0	1.31835938
3380	779	0	1.3203125
3385	780	0	1.32226562
3390	781	0	1.32421875
3395	782	0	1.32617188
3400	783	0	1.328125
3405	785	0	1.33007812
3410	786	0	1.33203125
3415	787	0	1.33398438
3420	788	0	1.3359375
3425	789	0	1.33789062
3430	789	0	1.33984375
3435	790	0	1.34179688
3440	791	0	1.34375
3445	792	0	1.34570312
3450	793	0	1.34765625
3455	794	0	1.34960938
3460	795	0	1.3515625
3465	796	0	1.35351562
3470	797	0	1.35546875
3475	798	0	1.35742188
3480	799	0	1.359375
3485	800	0	1.36132812
3490	801	0	1.36328125
3495	802	0	1.36523438
3500	802	0	1.3671875
3505	805	0	1.36914062
3510	806	0	1.37109375
3515	806	0	1.37304688
3520	807	0	1.375
3525	808	0	1.37695312
3530	809	0	1.37890625
3535	810	0	1.38085938
3540	811	0	1.3828125
3545	812	0	1.38476562
3550	813	0	1.38671875
3555	814	0	1.38867188
3560	815	0	1.390625
3565	816	0	1.39257812
3570	817	0	1.39453125
3575	818	0	1.39648438
3580	819	0	1.3984375
3585	820	0	1.40039062
3590	821	0	1.40234375
3595	821	0	1.40429688
3600	822	0	1.40625
3605	824	0	1.40820312
3610	825	0	1.41015625
3615	826	0	1.41210938
3620	827	0	1.4140625
3625	828	0	1.41601562
3630	829	0	1.41796875
3635	830	0	1.41992188
3640	831	0	1.421875
3645	832	0	1.42382812
3650	833	0	1.42578125
3655	834	0	1.42773438
3660	835	0	1.4296875
3665	835	0	1.43164062
3670	836	0	1.43359375
3675	837	0	1.43554688
3680	838	0	1.4375
3685	839	0	1.43945312
3690	840	0	1.44140625
3695	841	0	1.44335938
3700	842	0	1.4453125
3705	844	0	1.44726562
3710	845	0	1.44921875
3715	846	0	1.45117188
3720	847	0	1.453125
3725	848	0	1.45507812
3730	849	0	1.45703125
3735	849	0	1.45898438
3740	850	0	1.4609375
3745	851	0	1.46289062
3750	852	0	1.46484375
3755	853	0	1.46679688
3760	854	0	1.46875
3765	855	0	1.47070312
3770	856	0	1.47265625
3775	857	0	1.47460938
3780	858	0	1.4765625
3785	859	0	1.47851562
3790	860	0	1.48046875
3795	861	0	1.48242188
3800	862	0	1.484375
3805	863	0	1.48632812
3810	864	0	1.48828125
3815	865	0	1.49023438
3820	866	0	1.4921875
3825	867	0	1.49414062
3830	868	0	1.49609375
3835	869	0	1.49804688
3840	870	0	1.5
3845	871	0	1.50195312
3850	872	0	1.50390625
3855	873	0	1.50585938
3860	874	0	1.5078125
3865	875	0	1.50976562
3870	876	0	1.51171875
3875	877	0	1.51367188
3880	878	0	1.515625
3885	879	0	1.51757812
3890	880	0	1.51953125
3895	881	0	1.52148438
3900	882	0	1.5234375
3905	883	0	1.52539062
3910	884	0	1.52734375
3915	885	0	1.52929688
3920	886	0	1.53125
3925	887	0	1.53320312
3930	888	0	1.53515625
3935	889	0	1.53710938
3940	890	0	1.5390625
3945	891	0	1.54101562
3950	892	0	1.54296875
3955	893	0	1.54492188
3960	894	0	1.546875
3965	895	0	1.54882812
3970	896	0	1.55078125
3975	897	0	1.55273438
3980	898	0	1.5546875
3985	899	0	1.55664062
3990	900	0	1.55859375
3995	901	0	1.56054688
4000	902	0	1.5625
4005	904	0	1.56445312
4010	905	0	1.56640625
4015	906	0	1.56835938
4020	907	0	1.5703125
4025	908	0	1.57226562
4030	909	0	1.57421875
4035	910	0	1.57617188
4040	911	0	1.578125
4045	912	0	1.58007812
4050	913	0	1.58203125
4055	914	0	1.58398438
4060	915	0	1.5859375
4065	915	0	1.58789062
4070	916	0	1.58984375
4075	917	0	1.59179688
4080	918	0	1.59375
4085	919	0	1.59570312
4090	920	0	1.59765625
4095	921	0	1.59960938
4100	922	0	1.6015625
4105	924	0	1.60351562
4110	925	0	1.60546875
4115	926	0	1.60742188
4120	927	0	1.609375
4125	928	0	1.61132812
4130	929	0	1.61328125
4135	930	0	1.61523438
4140	931	0	1.6171875
4145	932	0	1.61914062
4150	933	0	1.62109375
4155	934	0	1.62304688
4160	935	0	1.625
4165	936	0	1.62695312
4170	937	0	1.62890625
4175	938	0	1.63085938
4180	939	0	1.6328125
4185	940	0	1.63476562
4190	941	0	1.63671875
4195	942	0	1.63867188
4200	943	0	1.640625
4205	945	0	1.64257812
4210	946	0	1.64453125
4215	947	0	1.64648438
4220	948	0	1.6484375
4225	948	0	1.65039062
4230	949	0	1.65234375
4235	950	0	1.65429688
4240	951	0	1.65625
4245	952	0	1.65820312
4250	953	0	1.66015625
4255	954	0	1.66210938
4260	955	0	1.6640625
4265	956	0	1.66601562
4270	957	0	1.66796875
4275	958	0	1.66992188
4280	959	0	1.671875
4285	960	0	1.67382812
4290	961	0	1.67578125
4295	962	0	1.67773438
4300	963	0	1.6796875
4305	965	0	1.68164062
4310	966	0	1.68359375
4315	967	0	1.68554688
4320	968	0	1.6875
4325	969	0	1.68945312
4330	970	0	1.69140625
4335	971	0	1.69335938
4340	972	0	1.6953125
4345	973	0	1.69726562
4350	974	0	1.69921875
4355	975	0	1.70117188
4360	976	0	1.703125
4365	977	0	1.70507812
4370	978	0	1.70703125
4375	979	0	1.70898438
4380	980	0	1.7109375
4385	981	0	1.71289062
4390	982	0	1.71484375
4395	983	0	1.71679688
4400	984	0	1.71875
4405	986	0	1.72070312
4410	987	0	1.72265625
4415	988	0	1.72460938
4420	989	0	1.7265625
4425	990	0	1.72851562
4430	991	0	1.73046875
4435	992	0	1.73242188
4440	992	0	1.734375
4445	993	0	1.73632812
4450	994	0	1.73828125
4455	995	0	1.74023438
4460	996	0	1.7421875
4465	997	0	1.74414062
4470	998	0	1.74609375
4475	999	0	1.74804688
4480	1000	0	1.75
4485	1001	0	1.75195312
4490	1002	0	1.75390625
4495	1003	0	1.75585938
4500	1004	0	1.7578125
4505	1007	0	1.75976562
4510	1008	0	1.76171875
4515	1009	0	1.76367188
4520	1010	0	1.765625
4525	1011	0	1.76757812
4530	1012	0	1.76953125
4535	1013	0	1.77148438
4540	1014	0	1.7734375
4545	1015	0	1.77539062
4550	1016	0	1.77734375
4555	1017	0	1.77929688
4560	1018	0	1.78125
4565	1019	0	1.78320312
4570	1020	0	1.78515625
4575	1021	0	1.78710938
4580	1022	0	1.7890625
4585	1023	0	1.79101562
4590	1024	0	1.79296875
4595	1025	0	1.79492188
4600	1026	0	1.796875
4605	1029	0	1.79882812
4610	1030	0	1.80078125
4615	1031	0	1.80273438
4620	1032	0	1.8046875
4625	1033	0	1.80664062
4630	1034	0	1.80859375
4635	1035	0	1.81054688
4640	1036	0	1.8125
4645	1037	0	1.81445312
4650	1038	0	1.81640625
4655	1039	0	1.81835938
4660	1040	0	1.8203125
4665	1041	0	1.82226562
4670	1042	0	1.82421875
4675	1043	0	1.82617188
4680	1044	0	1.828125
4685	1045	0	1.83007812
4690	1046	0	1.83203125
4695	1047	0	1.83398438
4700	1048	0	1.8359375
4705	1050	0	1.83789062
4710	1051	0	1.83984375
4715	1052	0	1.84179688
4720	1053	0	1.84375
4725	1054	0	1.84570312
4730	1055	0	1.84765625
4735	1056	0	1.84960938
4740	1057	0	1.8515625
4745	1058	0	1.85351562
4750	1059	0	1.85546875
4755	1060	0	1.85742188
4760	1061	0	1.859375
4765	1062	0	1.86132812
4770	1063	0	1.86328125
4775	1064	0	1.86523438
4780	1065	0	1.8671875
4785	1066	0	1.86914062
4790	1067	0	1.87109375
4795	1068	0	1.87304688
4800	1069	0	1.875
4805	1071	0	1.87695312
4810	1072	0	1.87890625
4815	1072	0	1.88085938
4820	1073	0	1.8828125
4825	1074	0	1.88476562
4830	1075	0	1.88671875
4835	1076	0	1.88867188
4840	1077	0	1.890625
4845	1078	0	1.89257812
4850	1079	0	1.89453125
4855	1080	0	1.89648438
4860	1081	0	1.8984375
4865	1082	0	1.90039062
4870	1083	0	1.90234375
4875	1084	0	1.90429688
4880	1085	0	1.90625
4885	1086	0	1.90820312
4890	1087	0	1.91015625
4895	1088	0	1.91210938
4900	1089	0	1.9140625
4905	1092	0	1.91601562
4910	1093	0	1.91796875
4915	1094	0	1.91992188
4920	1095	0	1.921875
4925	1096	0	1.92382812
4930	1097	0	1.92578125
4935	1098	0	1.92773438
4940	1099	0	1.9296875
4945	1100	0	1.93164062
4950	1101	0	1.93359375
4955	1102	0	1.93554688
4960	1103	0	1.9375
4965	1104	0	1.93945312
4970	1105	0	1.94140625
4975	1106	0	1.94335938
4980	1107	0	1.9453125
4985	1108	0	1.94726562
4990	1109	0	1.94921875
4995	1110	0	1.95117188
5000	1111	0	1.953125
5005	1113	0	1.95507812
5010	1114	0	1.95703125
5015	1115	0	1.95898438
5020	1116	0	1.9609375
5025	1117	0	1.96289062
5030	1118	0	1.96484375
5035	1119	0	1.96679688
5040	1120	0	1.96875
5045	1121	0	1.97070312
5050	1122	0	1.97265625
5055	1123	0	1.97460938
5060	1124	0	1.9765625
5065	1125	0	1.97851562
5070	1126	0	1.98046875
5075	1127	0	1.98242188
5080	1128	0	1.984375
5085	1129	0	1.98632812
5090	1130	0	1.98828125
5095	1131	0	1.99023438
5100	1132	0	1.9921875
5105	1134	0	1.99414062
5110	1135	0	1.99609375
5115	1136	0	1.99804688
5120	1137	0	2
5125	1138	0	2.00195312
5130	1139	0	2.00390625
5135	1140	0	2.00585938
5140	1141	0	2.0078125
5145	1142	0	2.00976562
5150	1143	0	2.01171875
5155	1144	0	2.01367188
5160	1145	0	2.015625
5165	1146	0	2.01757812
5170	1147	0	2.01953125
5175	1148	0	2.02148438
5180	1149	0	2.0234375
5185	1150	0	2.02539062
5190	1151	0	2.02734375
5195	1152	0	2.02929688
5200	1153	0	2.03125
5205	1156	0	2.03320312
5210	1157	0	2.03515625
5215	1158	0	2.03710938
5220	1159	0	2.0390625
5225	1160	0	2.04101562
5230	1161	0	2.04296875
5235	1162	0	2.04492188
5240	1163	0	2.046875
5245	1164	0	2.04882812
5250	1165	0	2.05078125
5255	1166	0	2.05273438
5260	1167	0	2.0546875
5265	1168	0	2.05664062
5270	1169	0	2.05859375
5275	1170	0	2.06054688
5280	1171	0	2.0625
5285	1172	0	2.06445312
5290	1173	0	2.06640625
5295	1174	0	2.06835938
5300	1175	0	2.0703125
5305	1177	0	2.07226562
5310	1178	0	2.07421875
5315	1179	0	2.07617188
5320	1180	0	2.078125
5325	1181	0	2.08007812
5330	1182	0	2.08203125
5335	1184	0	2.08398438
5340	1185	0	2.0859375
5345	1186	0	2.08789062
5350	1187	0	2.08984375
5355	1188	0	2.09179688
5360	1189	0	2.09375
5365	1190	0	2.09570312
5370	1191	0	2.09765625
5375	1192	0	2.09960938
5380	1193	0	2.1015625
5385	1194	0	2.10351562
5390	1195	0	2.10546875
5395	1196	0	2.10742188
5400	1197	0	2.109375
5405	1199	0	2.11132812
5410	1200	0	2.11328125
5415	1201	0	2.11523438
5420	1202	0	2.1171875
5425	1203	0	2.11914062
5430	1204	0	2.12109375
5435	1205	0	2.12304688
5440	1206	0	2.125
5445	1207	0	2.12695312
5450	1208	0	2.12890625
5455	1209	0	2.13085938
5460	1210	0	2.1328125
5465	1211	0	2.13476562
5470	1212	0	2.13671875
5475	1213	0	2.13867188
5480	1214	0	2.140625
5485	1215	0	2.14257812
5490	1216	0	2.14453125
5495	1217	0	2.14648438
5500	1218	0	2.1484375
5505	1220	0	2.15039062
5510	1222	0	2.15234375
5515	1223	0	2.15429688
5520	1224	0	2.15625
5525	1225	0	2.15820312
5530	1226	0	2.16015625
5535	1227	0	2.16210938
5540	1228	0	2.1640625
5545	1229	0	2.16601562
5550	1230	0	2.16796875
5555	1231	0	2.16992188
5560	1232	0	2.171875
5565	1233	0	2.17382812
5570	1234	0	2.17578125
5575	1235	0	2.17773438
5580	1236	0	2.1796875
5585	1237	0	2.18164062
5590	1238	0	2.18359375
5595	1239	0	2.18554688
5600	1240	0	2.1875
5605	1242	0	2.18945312
5610	1244	0	2.19140625
5615	1245	0	2.19335938
5620	1246	0	2.1953125
5625	1247	0	2.19726562
5630	1248	0	2.19921875
5635	1249	0	2.20117188
5640	1250	0	2.203125
5645	1251	0	2.20507812
5650	1252	0	2.20703125
5655	1253	0	2.20898438
5660	1254	0	2.2109375
5665	1255	0	2.21289062
5670	1256	0	2.21484375
5675	1257	0	2.21679688
5680	1258	0	2.21875
5685	1259	0	2.22070312
5690	1260	0	2.22265625
5695	1261	0	2.22460938
5700	1262	0	2.2265625
5705	1264	0	2.22851562
5710	1265	0	2.23046875
5715	1266	0	2.23242188
5720	1267	0	2.234375
5725	1268	0	2.23632812
5730	1269	0	2.23828125
5735	1270	0	2.24023438
5740	1271	0	2.2421875
5745	1272	0	2.24414062
5750	1274	0	2.24609375
5755	1275	0	2.24804688
5760	1276	0	2.25
5765	1277	0	2.25195312
5770	1278	0	2.25390625
5775	1279	0	2.25585938
5780	1280	0	2.2578125
5785	1281	0	2.25976562
5790	1282	0	2.26171875
5795	1283	0	2.26367188
5800	1284	0	2.265625
5805	1286	0	2.26757812
5810	1287	0	2.26953125
5815	1288	0	2.27148438
5820	1289	0	2.2734375
5825	1290	0	2.27539062
5830	1291	0	2.27734375
5835	1292	0	2.27929688
5840	1293	0	2.28125
5845	1294	0	2.28320312
5850	1295	0	2.28515625
5855	1296	0	2.28710938
5860	1297	0	2.2890625
5865	1299	0	2.29101562
5870	1300	0	2.29296875
5875	1301	0	2.29492188
5880	1302	0	2.296875
5885	1303	0	2.29882812
5890	1304	0	2.30078125
5895	1305	0	2.30273438
5900	1306	0	2.3046875
5905	1309	0	2.30664062
5910	1310	0	2.30859375
5915	1311	0	2.31054688
5920	1312	0	2.3125
5925	1313	0	2.31445312
5930	1314	0	2.31640625
5935	1315	0	2.31835938
5940	1316	0	2.3203125
5945	1317	0	2.32226562
5950	1318	0	2.32421875
5955	1319	0	2.32617188
5960	1320	0	2.328125
5965	1321	0	2.33007812
5970	1322	0	2.33203125
5975	1323	0	2.33398438
5980	1324	0	2.3359375
5985	1325	0	2.33789062
5990	1326	0	2.33984375
5995	1327	0	2.34179688
6000	1329	0	2.34375
6005	1331	0	2.34570312
6010	1332	0	2.34765625
6015	1333	0	2.34960938
6020	1334	0	2.3515625
6025	1335	0	2.35351562
6030	1336	0	2.35546875
6035	1337	0	2.35742188
6040	1338	0	2.359375
6045	1339	0	2.36132812
6050	1340	0	2.36328125
6055	1341	0	2.36523438
6060	1342	0	2.3671875
6065	1344	0	2.36914062
6070	1345	0	2.37109375
6075	1346	0	2.37304688
6080	1347	0	2.375
6085	1348	0	2.37695312
6090	1349	0	2.37890625
6095	1350	0	2.38085938
6100	1351	0	2.3828125
6105	1354	0	2.38476562
6110	1355	0	2.38671875
6115	1356	0	2.38867188
6120	1357	0	2.390625
6125	1358	0	2.39257812
6130	1359	0	2.39453125
6135	1360	0	2.39648438
6140	1361	0	2.3984375
6145	1362	0	2.40039062
6150	1363	0	2.40234375
6155	1364	0	2.40429688
6160	1366	0	2.40625
6165	1367	0	2.40820312
6170	1368	0	2.41015625
6175	1369	0	2.41210938
6180	1370	0	2.4140625
6185	1371	0	2.41601562
6190	1372	0	2.41796875
6195	1373	0	2.41992188
6200	1374	0	2.421875
6205	1376	0	2.42382812
6210	1377	0	2.42578125
6215	1378	0	2.42773438
6220	1379	0	2.4296875
6225	1380	0	2.43164062
6230	1381	0	2.43359375
6235	1382	0	2.43554688
6240	1384	0	2.4375
6245	1385	0	2.43945312
6250	1386	0	2.44140625
6255	1387	0	2.44335938
6260	1388	0	2.4453125
6265	1389	0	2.44726562
6270	1390	0	2.44921875
6275	1391	0	2.45117188
6280	1392	0	2.453125
6285	1393	0	2.45507812
6290	1394	0	2.45703125
6295	1395	0	2.45898438
6300	1397	0	2.4609375
6305	1399	0	2.46289062
6310	1400	0	2.46484375
6315	1401	0	2.46679688
6320	1402	0	2.46875
6325	1403	0	2.47070312
6330	1404	0	2.47265625
6335	1405	0	2.47460938
6340	1406	0	2.4765625
6345	1407	0	2.47851562
6350	1408	0	2.48046875
6355	1409	0	2.48242188
6360	1411	0	2.484375
6365	1412	0	2.48632812
6370	1413	0	2.48828125
6375	1414	0	2.49023438
6380	1415	0	2.4921875
6385	1416	0	2.49414062
6390	1417	0	2.49609375
6395	1418	0	2.49804688
6400	1419	0	2.5
6405	1421	0	2.50195312
6410	1422	0	2.50390625
6415	1423	0	2.50585938
6420	1425	0	2.5078125
6425	1426	0	2.50976562
6430	1427	0	2.51171875
6435	1428	0	2.51367188
6440	1429	0	2.515625
6445	1430	0	2.51757812
6450	1431	0	2.51953125
6455	1432	0	2.52148438
6460	1433	0	2.5234375
6465	1434	0	2.52539062
6470	1435	0	2.52734375
6475	1437	0	2.52929688
6480	1438	0	2.53125
6485	1439	0	2.53320312
6490	1440	0	2.53515625
6495	1441	0	2.53710938
6500	1442	0	2.5390625
6505	1444	0	2.54101562
6510	1445	0	2.54296875
6515	1446	0	2.54492188
6520	1448	0	2.546875
6525	1449	0	2.54882812
6530	1450	0	2.55078125
6535	1451	0	2.55273438
6540	1452	0	2.5546875
6545	1453	0	2.55664062
6550	1454	0	2.55859375
6555	1455	0	2.56054688
6560	1456	0	2.5625
6565	1457	0	2.56445312
6570	1458	0	2.56640625
6575	1459	0	2.56835938
6580	1461	0	2.5703125
6585	1462	0	2.57226562
6590	1463	0	2.57421875
6595	1464	0	2.57617188
6600	1465	0	2.578125
6605	1468	0	2.58007812
6610	1469	0	2.58203125
6615	1470	0	2.58398438
6620	1471	0	2.5859375
6625	1472	0	2.58789062
6630	1473	0	2.58984375
6635	1474	0	2.59179688
6640	1476	0	2.59375
6645	1477	0	2.59570312
6650	1478	0	2.59765625
6655	1479	0	2.59960938
6660	1480	0	2.6015625
6665	1481	0	2.60351562
6670	1482	0	2.60546875
6675	1483	0	2.60742188
6680	1484	0	2.609375
6685	1485	0	2.61132812
6690	1486	0	2.61328125
6695	1488	0	2.61523438
6700	1489	0	2.6171875
6705	1491	0	2.61914062
6710	1492	0	2.62109375
6715	1493	0	2.62304688
6720	1494	0	2.625
6725	1495	0	2.62695312
6730	1496	0	2.62890625
6735	1497	0	2.63085938
6740	1498	0	2.6328125
6745	1500	0	2.63476562
6750	1501	0	2.63671875
6755	1502	0	2.63867188
6760	1503	0	2.640625
6765	1504	0	2.64257812
6770	1505	0	2.64453125
6775	1506	0	2.64648438
6780	1507	0	2.6484375
6785	1509	0	2.65039062
6790	1510	0	2.65234375
6795	1511	0	2.65429688
6800	1512	0	2.65625
6805	1514	0	2.65820312
6810	1515	0	2.66015625
6815	1516	0	2.66210938
6820	1517	0	2.6640625
6825	1518	0	2.66601562
6830	1520	0	2.66796875
6835	1521	0	2.66992188
6840	1522	0	2.671875
6845	1523	0	2.67382812
6850	1524	0	2.67578125
6855	1525	0	2.67773438
6860	1526	0	2.6796875
6865	1527	0	2.68164062
6870	1528	0	2.68359375
6875	1529	0	2.68554688
6880	1530	0	2.6875
6885	1531	0	2.68945312
6890	1532	0	2.69140625
6895	1534	0	2.69335938
6900	1535	0	2.6953125
6905	1537	0	2.69726562
6910	1538	0	2.69921875
6915	1539	0	2.70117188
6920	1541	0	2.703125
6925	1542	0	2.70507812
6930	1543	0	2.70703125
6935	1544	0	2.70898438
6940	1545	0	2.7109375
6945	1546	0	2.71289062
6950	1547	0	2.71484375
6955	1548	0	2.71679688
6960	1550	0	2.71875
6965	1551	0	2.72070312
6970	1552	0	2.72265625
6975	1553	0	2.72460938
6980	1554	0	2.7265625
6985	1555	0	2.72851562
6990	1556	0	2.73046875
6995	1557	0	2.73242188
7000	1558	0	2.734375
7005	1560	0	2.73632812
7010	1561	0	2.73828125
7015	1563	0	2.74023438
7020	1564	0	2.7421875
7025	1565	0	2.74414062
7030	1566	0	2.74609375
7035	1567	0	2.74804688
7040	1568	0	2.75
7045	1569	0	2.75195312
7050	1570	0	2.75390625
7055	1571	0	2.75585938
7060	1572	0	2.7578125
7065	1573	0	2.75976562
7070	1574	0	2.76171875
7075	1576	0	2.76367188
7080	1577	0	2.765625
7085	1578	0	2.76757812
7090	1579	0	2.76953125
7095	1580	0	2.77148438
7100	1581	0	2.7734375
7105	1584	0	2.77539062
7110	1585	0	2.77734375
7115	1586	0	2.77929688
7120	1587	0	2.78125
7125	1588	0	2.78320312
7130	1589	0	2.78515625
7135	1590	0	2.78710938
7140	1591	0	2.7890625
7145	1593	0	2.79101562
7150	1594	0	2.79296875
7155	1595	0	2.79492188
7160	1596	0	2.796875
7165	1597	0	2.79882812
7170	1598	0	2.80078125
7175	1599	0	2.80273438
7180	1600	0	2.8046875
7185	1601	0	2.80664062
7190	1603	0	2.80859375
7195	1604	0	2.81054688
7200	1605	0	2.8125
7205	1607	0	2.81445312
7210	1608	0	2.81640625
7215	1609	0	2.81835938
7220	1610	0	2.8203125
7225	1611	0	2.82226562
7230	1613	0	2.82421875
7235	1614	0	2.82617188
7240	1615	0	2.828125
7245	1616	0	2.83007812
7250	1617	0	2.83203125
7255	1618	0	2.83398438
7260	1619	0	2.8359375
7265	1620	0	2.83789062
7270	1622	0	2.83984375
7275	1623	0	2.84179688
7280	1624	0	2.84375
7285	1625	0	2.84570312
7290	1626	0	2.84765625
7295	1627	0	2.84960938
7300	1629	0	2.8515625
7305	1631	0	2.85351562
7310	1632	0	2.85546875
7315	1633	0	2.85742188
7320	1634	0	2.859375
7325	1636	0	2.86132812
7330	1637	0	2.86328125
7335	1638	0	2.86523438
7340	1639	0	2.8671875
7345	1640	0	2.86914062
7350	1641	0	2.87109375
7355	1643	0	2.87304688
7360	1644	0	2.875
7365	1645	0	2.87695312
7370	1646	0	2.87890625
7375	1647	0	2.88085938
7380	1648	0	2.8828125
7385	1650	0	2.88476562
7390	1651	0	2.88671875
7395	1652	0	2.88867188
7400	1653	0	2.890625
7405	1655	0	2.89257812
7410	1656	0	2.89453125
7415	1658	0	2.89648438
7420	1659	0	2.8984375
7425	1660	0	2.90039062
7430	1661	0	2.90234375
7435	1662	0	2.90429688
7440	1663	0	2.90625
7445	1665	0	2.90820312
7450	1666	0	2.91015625
7455	1667	0	2.91210938
7460	1668	0	2.9140625
7465	1669	0	2.91601562
7470	1670	0	2.91796875
7475	1671	0	2.91992188
7480	1673	0	2.921875
7485	1674	0	2.92382812
7490	1675	0	2.92578125
7495	1676	0	2.92773438
7500	1677	0	2.9296875
7505	1679	0	2.93164062
7510	1681	0	2.93359375
7515	1682	0	2.93554688
7520	1683	0	2.9375
7525	1684	0	2.93945312
7530	1685	0	2.94140625
7535	1686	0	2.94335938
7540	1687	0	2.9453125
7545	1688	0	2.94726562
7550	1690	0	2.94921875
7555	1691	0	2.95117188
7560	1692	0	2.953125
7565	1693	0	2.95507812
7570	1694	0	2.95703125
7575	1695	0	2.95898438
7580	1697	0	2.9609375
7585	1698	0	2.96289062
7590	1699	0	2.96484375
7595	1700	0	2.96679688
7600	1701	0	2.96875
7605	1703	0	2.97070312
7610	1705	0	2.97265625
7615	1706	0	2.97460938
7620	1707	0	2.9765625
7625	1708	0	2.97851562
7630	1709	0	2.98046875
7635	1710	0	2.98242188
7640	1711	0	2.984375
7645	1712	0	2.98632812
7650	1714	0	2.98828125
7655	1715	0	2.99023438
7660	1716	0	2.9921875
7665	1717	0	2.99414062
7670	1718	0	2.99609375
7675	1719	0	2.99804688
7680	1721	0	3
7685	1722	0	3.00195312
7690	1723	0	3.00390625
7695	1724	0	3.00585938
7700	1725	0	3.0078125
7705	1728	0	3.00976562
7710	1729	0	3.01171875
7715	1730	0	3.01367188
7720	1732	0	3.015625
7725	1733	0	3.01757812
7730	1734	0	3.01953125
7735	1735	0	3.02148438
7740	1736	0	3.0234375
7745	1738	0	3.02539062
7750	1739	0	3.02734375
7755	1740	0	3.02929688
7760	1741	0	3.03125
7765	1742	0	3.03320312
7770	1743	0	3.03515625
7775	1744	0	3.03710938
7780	1746	0	3.0390625
7785	1747	0	3.04101562
7790	1748	0	3.04296875
7795	1749	0	3.04492188
7800	1750	0	3.046875
7805	1753	0	3.04882812
7810	1754	0	3.05078125
7815	1755	0	3.05273438
7820	1756	0	3.0546875
7825	1757	0	3.05664062
7830	1759	0	3.05859375
7835	1760	0	3.06054688
7840	1761	0	3.0625
7845	1762	0	3.06445312
7850	1763	0	3.06640625
7855	1765	0	3.06835938
7860	1766	0	3.0703125
7865	1767	0	3.07226562
7870	1768	0	3.07421875
7875	1769	0	3.07617188
7880	1770	0	3.078125
7885	1772	0	3.08007812
7890	1773	0	3.08203125
7895	1774	0	3.08398438
7900	1775	0	3.0859375
7905	1778	0	3.08789062
7910	1779	0	3.08984375
7915	1780	0	3.09179688
7920	1781	0	3.09375
7925	1782	0	3.09570312
7930	1783	0	3.09765625
7935	1784	0	3.09960938
7940	1786	0	3.1015625
7945	1787	0	3.10351562
7950	1788	0	3.10546875
7955	1789	0	3.10742188
7960	1790	0	3.109375
7965	1792	0	3.11132812
7970	1793	0	3.11328125
7975	1794	0	3.11523438
7980	1795	0	3.1171875
7985	1796	0	3.11914062
7990	1798	0	3.12109375
7995	1799	0	3.12304688
8000	1800	0	3.125
8005	1802	0	3.12695312
8010	1803	0	3.12890625
8015	1805	0	3.13085938
8020	1806	0	3.1328125
8025	1807	0	3.13476562
8030	1809	0	3.13671875
8035	1810	0	3.13867188
8040	1811	0	3.140625
8045	1812	0	3.14257812
8050	1814	0	3.14453125
8055	1815	0	3.14648438
8060	1816	0	3.1484375
8065	1817	0	3.15039062
8070	1818	0	3.15234375
8075	1820	0	3.15429688
8080	1821	0	3.15625
8085	1822	0	3.15820312
8090	1823	0	3.16015625
8095	1825	0	3.16210938
8100	1826	0	3.1640625
8105	1828	0	3.16601562
8110	1829	0	3.16796875
8115	1830	0	3.16992188
8120	1832	0	3.171875
8125	1833	0	3.17382812
8130	1834	0	3.17578125
8135	1836	0	3.17773438
8140	1837	0	3.1796875
8145	1838	0	3.18164062
8150	1839	0	3.18359375
8155	1840	0	3.18554688
8160	1842	0	3.1875
8165	1843	0	3.18945312
8170	1844	0	3.19140625
8175	1845	0	3.19335938
8180	1847	0	3.1953125
8185	1848	0	3.19726562
8190	1849	0	3.19921875
8195	1850	0	3.20117188
8200	1852	0	3.203125
8205	1854	0	3.20507812
8210	1855	0	3.20703125
8215	1856	0	3.20898438
8220	1858	0	3.2109375
8225	1859	0	3.21289062
8230	1860	0	3.21484375
8235	1861	0	3.21679688
8240	1862	0	3.21875
8245	1864	0	3.22070312
8250	1865	0	3.22265625
8255	1866	0	3.22460938
8260	1867	0	3.2265625
8265	1869	0	3.22851562
8270	1870	0	3.23046875
8275	1871	0	3.23242188
8280	1872	0	3.234375
8285	1874	0	3.23632812
8290	1875	0	3.23828125
8295	1876	0	3.24023438
8300	1877	0	3.2421875
8305	1880	0	3.24414062
8310	1881	0	3.24609375
8315	1882	0	3.24804688
8320	1883	0	3.25
8325	1885	0	3.25195312
8330	1886	0	3.25390625
8335	1887	0	3.25585938
8340	1888	0	3.2578125
8345	1889	0	3.25976562
8350	1891	0	3.26171875
8355	1892	0	3.26367188
8360	1893	0	3.265625
8365	1894	0	3.26757812
8370	1895	0	3.26953125
8375	1897	0	3.27148438
8380	1898	0	3.2734375
8385	1899	0	3.27539062
8390	1900	0	3.27734375
8395	1902	0	3.27929688
8400	1903	0	3.28125
8405	1905	0	3.28320312
8410	1906	0	3.28515625
8415	1907	0	3.28710938
8420	1908	0	3.2890625
8425	1910	0	3.29101562
8430	1911	0	3.29296875
8435	1912	0	3.29492188
8440	1913	0	3.296875
8445	1914	0	3.29882812
8450	1916	0	3.30078125
8455	1917	0	3.30273438
8460	1918	0	3.3046875
8465	1919	0	3.30664062
8470	1921	0	3.30859375
8475	1922	0	3.31054688
8480	1923	0	3.3125
8485	1924	0	3.31445312
8490	1926	0	3.31640625
8495	1927	0	3.31835938
8500	1928	0	3.3203125
8505	1931	0	3.32226562
8510	1932	0	3.32421875
8515	1933	0	3.32617188
8520	1934	0	3.328125
8525	1935	0	3.33007812
8530	1937	0	3.33203125
8535	1938	0	3.33398438
8540	1939	0	3.3359375
8545	1940	0	3.33789062
8550	1942	0	3.33984375
8555	1943	0	3.34179688
8560	1944	0	3.34375
8565	1945	0	3.34570312
8570	1946	0	3.34765625
8575	1948	0	3.34960938
8580	1949	0	3.3515625
8585	1950	0	3.35351562
8590	1952	0	3.35546875
8595	1953	0	3.35742188
8600	1954	0	3.359375
8605	1956	0	3.36132812
8610	1958	0	3.36328125
8615	1959	0	3.36523438
8620	1960	0	3.3671875
8625	1961	0	3.36914062
8630	1963	0	3.37109375
8635	1964	0	3.37304688
8640	1965	0	3.375
8645	1966	0	3.37695312
8650	1968	0	3.37890625
8655	1969	0	3.38085938
8660	1970	0	3.3828125
8665	1971	0	3.38476562
8670	1973	0	3.38671875
8675	1974	0	3.38867188
8680	1975	0	3.390625
8685	1977	0	3.39257812
8690	1978	0	3.39453125
8695	1979	0	3.39648438
8700	1980	0	3.3984375
8705	1982	0	3.40039062
8710	1983	0	3.40234375
8715	1985	0	3.40429688
8720	1986	0	3.40625
8725	1987	0	3.40820312
8730	1988	0	3.41015625
8735	1989	0	3.41210938
8740	1991	0	3.4140625
8745	1992	0	3.41601562
8750	1993	0	3.41796875
8755	1995	0	3.41992188
8760	1996	0	3.421875
8765	1997	0	3.42382812
8770	1999	0	3.42578125
8775	2000	0	3.42773438
8780	2001	0	3.4296875
8785	2002	0	3.43164062
8790	2004	0	3.43359375
8795	2005	0	3.43554688
8800	2006	0	3.4375
8805	2009	0	3.43945312
8810	2010	0	3.44140625
8815	2011	0	3.44335938
8820	2012	0	3.4453125
8825	2014	0	3.44726562
8830	2015	0	3.44921875
8835	2016	0	3.45117188
8840	2017	0	3.453125
8845	2019	0	3.45507812
8850	2020	0	3.45703125
8855	2021	0	3.45898438
8860	2023	0	3.4609375
8865	2024	0	3.46289062
8870	2025	0	3.46484375
8875	2026	0	3.46679688
8880	2028	0	3.46875
8885	2029	0	3.47070312
8890	2030	0	3.47265625
8895	2031	0	3.47460938
8900	2033	0	3.4765625
8905	2035	0	3.47851562
8910	2036	0	3.48046875
8915	2037	0	3.48242188
8920	2039	0	3.484375
8925	2040	0	3.48632812
8930	2041	0	3.48828125
8935	2043	0	3.49023438
8940	2044	0	3.4921875
8945	2045	0	3.49414062
8950	2046	0	3.49609375
8955	2048	0	3.49804688
8960	2049	0	3.5
8965	2050	0	3.50195312
8970	2052	0	3.50390625
8975	2053	0	3.50585938
8980	2054	0	3.5078125
8985	2056	0	3.50976562
8990	2057	0	3.51171875
8995	2058	0	3.51367188
9000	2059	0	3.515625
9005	2062	0	3.51757812
9010	2063	0	3.51953125
9015	2064	0	3.52148438
9020	2066	0	3.5234375
9025	2067	0	3.52539062
9030	2068	0	3.52734375
9035	2069	0	3.52929688
9040	2071	0	3.53125
9045	2072	0	3.53320312
9050	2073	0	3.53515625
9055	2075	0	3.53710938
9060	2076	0	3.5390625
9065	2077	0	3.54101562
9070	2079	0	3.54296875
9075	2080	0	3.54492188
9080	2081	0	3.546875
9085	2082	0	3.54882812
9090	2084	0	3.55078125
9095	2085	0	3.55273438
9100	2086	0	3.5546875
9105	2089	0	3.55664062
9110	2090	0	3.55859375
9115	2092	0	3.56054688
9120	2093	0	3.5625
9125	2094	0	3.56445312
9130	2096	0	3.56640625
9135	2097	0	3.56835938
9140	2098	0	3.5703125
9145	2099	0	3.57226562
9150	2101	0	3.57421875
9155	2102	0	3.57617188
9160	2103	0	3.578125
9165	2104	0	3.58007812
9170	2106	0	3.58203125
9175	2107	0	3.58398438
9180	2108	0	3.5859375
9185	2109	0	3.58789062
9190	2111	0	3.58984375
9195	2112	0	3.59179688
9200	2113	0	3.59375
9205	2116	0	3.59570312
9210	2117	0	3.59765625
9215	2118	0	3.59960938
9220	2119	0	3.6015625
9225	2121	0	3.60351562
9230	2122	0	3.60546875
9235	2123	0	3.60742188
9240	2124	0	3.609375
9245	2126	0	3.61132812
9250	2127	0	3.61328125
9255	2128	0	3.61523438
9260	2130	0	3.6171875
9265	2131	0	3.61914062
9270	2132	0	3.62109375
9275	2133	0	3.62304688
9280	2135	0	3.625
9285	2136	0	3.62695312
9290	2137	0	3.62890625
9295	2138	0	3.63085938
9300	2140	0	3.6328125
9305	2142	0	3.63476562
9310	2143	0	3.63671875
9315	2145	0	3.63867188
9320	2146	0	3.640625
9325	2147	0	3.64257812
9330	2149	0	3.64453125
9335	2150	0	3.64648438
9340	2151	0	3.6484375
9345	2153	0	3.65039062
9350	2154	0	3.65234375
9355	2155	0	3.65429688
9360	2156	0	3.65625
9365	2158	0	3.65820312
9370	2159	0	3.66015625
9375	2160	0	3.66210938
9380	2162	0	3.6640625
9385	2163	0	3.66601562
9390	2164	0	3.66796875
9395	2165	0	3.66992188
9400	2167	0	3.671875
9405	2169	0	3.67382812
9410	2170	0	3.67578125
9415	2172	0	3.67773438
9420	2173	0	3.6796875
9425	2174	0	3.68164062
9430	2176	0	3.68359375
9435	2177	0	3.68554688
9440	2178	0	3.6875
9445	2179	0	3.68945312
9450	2181	0	3.69140625
9455	2182	0	3.69335938
9460	2183	0	3.6953125
9465	2185	0	3.69726562
9470	2186	0	3.69921875
9475	2187	0	3.70117188
9480	2189	0	3.703125
9485	2190	0	3.70507812
9490	2191	0	3.70703125
9495	2193	0	3.70898438
9500	2194	0	3.7109375
9505	2197	0	3.71289062
9510	2198	0	3.71484375
9515	2199	0	3.71679688
9520	2201	0	3.71875
9525	2202	0	3.72070312
9530	2203	0	3.72265625
9535	2205	0	3.72460938
9540	2206	0	3.7265625
9545	2207	0	3.72851562
9550	2208	0	3.73046875
9555	2210	0	3.73242188
9560	2211	0	3.734375
9565	2212	0	3.73632812
9570	2214	0	3.73828125
9575	2215	0	3.74023438
9580	2217	0	3.7421875
9585	2218	0	3.74414062
9590	2219	0	3.74609375
9595	2221	0	3.74804688
9600	2222	0	3.75
9605	2224	0	3.75195312
9610	2226	0	3.75390625
9615	2227	0	3.75585938
9620	2228	0	3.7578125
9625	2230	0	3.75976562
9630	2231	0	3.76171875
9635	2232	0	3.76367188
9640	2234	0	3.765625
9645	2235	0	3.76757812
9650	2237	0	3.76953125
9655	2238	0	3.77148438
9660	2239	0	3.7734375
9665	2241	0	3.77539062
9670	2242	0	3.77734375
9675	2243	0	3.77929688
9680	2245	0	3.78125
9685	2246	0	3.78320312
9690	2247	0	3.78515625
9695	2249	0	3.78710938
9700	2250	0	3.7890625
9705	2253	0	3.79101562
9710	2254	0	3.79296875
9715	2255	0	3.79492188
9720	2257	0	3.796875
9725	2258	0	3.79882812
9730	2260	0	3.80078125
9735	2261	0	3.80273438
9740	2262	0	3.8046875
9745	2264	0	3.80664062
9750	2265	0	3.80859375
9755	2266	0	3.81054688
9760	2267	0	3.8125
9765	2269	0	3.81445312
9770	2270	0	3.81640625
9775	2271	0	3.81835938
